0.31 1
0.33 2
0.34 1
0.38 2
0.41 1
0.43 1
0.44 2
0.46 2
0.47 1
0.48 4
0.49 2
0.5 4
0.51 2
0.52 6
0.53 2
0.54 6
0.55 8
0.56 4
0.57 8
0.58 3
0.59 10
0.6 10
0.61 8
0.62 13
0.63 32
0.64 37
0.65 66
0.66 79
0.67 131
0.68 156
0.69 195
0.7 313
0.71 369
0.72 442
0.73 476
0.74 530
0.75 599
0.76 641
0.77 678
0.78 718
0.79 814
0.8 822
0.81 902
0.82 1046
0.83 1159
0.84 1299
0.85 1420
0.86 1555
0.87 1771
0.88 1921
0.89 2330
0.9 2624
0.91 3274
0.92 4072
0.93 5002
0.94 6723
0.95 9437
0.96 14635
0.97 25529
0.98 59634
0.99 242814
1 42337
