0.32 1
0.34 1
0.37 1
0.38 2
0.4 1
0.42 1
0.43 1
0.44 1
0.45 4
0.46 2
0.47 3
0.48 5
0.49 6
0.5 5
0.51 6
0.52 13
0.53 11
0.54 16
0.55 22
0.56 33
0.57 34
0.58 46
0.59 57
0.6 128
0.61 154
0.62 101
0.63 123
0.64 168
0.65 356
0.66 554
0.67 832
0.68 1022
0.69 1549
0.7 2254
0.71 2770
0.72 3071
0.73 2948
0.74 2768
0.75 2654
0.76 2491
0.77 2346
0.78 2366
0.79 2435
0.8 2323
0.81 2393
0.82 2459
0.83 2661
0.84 2907
0.85 3012
0.86 3333
0.87 3700
0.88 4154
0.89 4901
0.9 5435
0.91 5935
0.92 6904
0.93 8586
0.94 11264
0.95 15690
0.96 23913
0.97 41970
0.98 84992
0.99 146443
1 22220
